100
66 71 18 29 20 74
87 29 77 75 9 21
73 48 93 38 33 26
1 37 89 96 79 88
46 13 37 77 33 22
24 80 62 46 53 44
69 66 27 62 99 11
83 61 79 14 46 7
1 81 95 62 51 35
71 85 86 98 31 76
94 70 90 69 79 64
33 76 90 100 23 55
96 16 80 88 92 25
56 80 96 100 22 73
17 15 65 38 99 81
24 82 45 50 37 98
64 12 37 58 13 88
64 10 49 9 78 3
75 53 14 58 88 10
9 37 85 38 17 3
13 62 11 5 49 68
50 77 66 43 16 13
17 54 37 23 24 52
3 100 6 9 85 27
3 28 34 7 47 53
88 95 84 47 97 42
85 32 86 89 55 50
30 74 49 56 18 25
32 11 30 62 33 51
42 8 9 75 92 19
29 49 15 1 87 95
86 27 68 26 28 4
98 89 81 35 75 28
49 30 75 85 29 91
42 24 33 76 89 83
10 17 83 51 34 8
83 60 39 93 17 62
42 82 53 16 87 22
65 90 93 29 99 92
19 23 91 11 61 70
35 95 13 41 20 19
91 17 75 40 72 66
80 32 23 2 15 44
44 25 32 26 23 31
33 29 25 65 34 84
13 25 40 94 68 85
37 58 27 1 99 63
75 44 32 99 7 18
95 55 13 9 96 53
5 37 11 69 52 23
40 36 9 12 16 11
54 57 60 96 16 63
63 94 69 90 99 56
50 82 65 87 60 96
82 80 13 77 84 34
45 17 71 59 96 97
94 66 96 33 19 29
62 34 77 38 15 7
17 81 87 93 60 2
59 47 55 63 94 69
100 69 59 19 97 91
26 51 98 22 17 38
45 10 78 79 38 41
87 82 15 90 69 74
68 63 34 24 37 48
75 80 68 57 10 50
61 7 34 100 33 32
35 75 64 33 22 19
19 36 65 66 67 84
66 77 47 86 14 38
65 33 85 71 22 61
47 9 38 45 77 7
8 83 59 97 18 94
44 95 2 25 86 69
44 79 11 86 40 74
5 75 98 12 80 68
74 12 35 37 64 40
100 27 4 24 5 33
31 26 46 35 38 27
51 8 42 29 97 31
66 16 42 46 4 95
26 53 72 46 31 2
79 23 12 47 86 77
76 30 93 7 17 47
88 61 23 36 47 34
21 8 83 48 82 75
71 7 13 99 75 63
33 89 55 42 72 99
65 45 20 47 64 39
14 40 41 12 63 68
89 45 18 34 22 86
41 47 46 77 3 78
64 33 59 37 67 77
35 79 7 42 25 85
12 50 9 20 53 67
28 94 98 14 31 88
14 43 55 50 31 39
44 21 64 38 40 4
73 97 29 48 23 5
18 29 20 74 66 71
